QoI
	LF: 	0.007606855380777826
	MF01: 0.0076904753525286126
	MF02:	0.0080717278601525767
	MF03:	0.008250354752205577
	MF04:	0.0079760244424703919
	MF05:	0.0079998294011285956
	HF: 	0.0079384152659017302

QoI error
	LF: 	0.0003315598851239042
	MF01: 0.0002479399133731176
	MF02:	-0.0001333125942508465
	MF03:	-0.0003119394863038468
	MF04:	-0.0000376091765686617
	MF05:	-0.0000614141352268654
	
