QoI
	LF:		0.0048914600464365059
	MF01:	0.0043060004809259995
	MF02:	0.0040232200938739452
	MF03:	0.0039868156474146812
	MF04:	0.0035937837484008111
	MF05:	0.0032998939852341832
	MF06:	0.0030367080214308484
	HF:		0.0029962586219632122

QoI error (actual)
	LF:		-0.001895201424473
  MF01:	-0.001309741858963
  MF02:	-0.001026961471911
  MF03:	-0.000990557025451
  MF04:	-0.000597525126438
  MF05:	-0.000303635363271
  MF06:	-0.000040449399468

QoI error (estimated)
	LF:		-0.0020941082011367049
	MF01:	-0.0013885794535397648
	MF02:	-0.001071873294053758
	MF03:	-0.001024310512357682
	MF04:	-0.00060790757474378683
	MF05:	-0.00030491477506990874
	MF06:	-0.000040668064795011585
	
Number of boxes that are HF:
	MF01:	13
	MF02:	27
	MF03:	57
	MF04:	80
	MF05:	134
	MF06:	209
