QoI
	LF:		0.0077511727280532624
	MF01:	0.0076405387794633468
	MF02:	0.0076414904215162749
	MF03:	0.0076405538907423397
	MF04:	0.0075703595529352614
	MF05:	0.0075281474556371216
	MF06:	0.0074993295521445253
	HF:		0.0074994796553276982

QoI error (actual)
	LF:		
	
QoI error (estimated)
	LF:		-0.0001333002002486712
	MF01:	-0.000074744095050365
	MF02:	-0.0000752559138268152
	MF03:	-0.000074752969332314047
	MF04:	-0.0000376591522023512
	MF05:	-0.000015278801277779017
	MF06:	0.000000079095116924804421
