QoI
	LF:		0.0077511727280532624
	MF01:	0.0076405387794633468
	MF02:	0.0076414904215162749
	MF03:	0.0076405538907423397
	MF04:	0.0075703595529352614
	MF05:	0.0075281474556371216
	MF06:	0.0074993295521445253
	HF:		0.0074994796553276982

QoI error (actual)
	LF:		-0.000251693072725564
  MF01:	-0.000141059124135649
  MF02:	-0.000142010766188577
  MF03:	-0.000141074235414641
  MF04:	-0.000070879897607563
  MF05:	-0.000028667800309423
  MF06:	0.000000150103183173
	
QoI error (estimated)
	LF:		-0.00026674941707707615
	MF01:	-0.00014960074708208863
	MF02:	-0.00015062481228405537
	MF03:	-0.00014961801136032914
	MF04:	-0.000075388630026907398
	MF05:	-0.000030563902217482959
	MF06:	0.00000015822667767499687

