QoI:
	LF:		0.0023136146487525489
	MF01:	0.0023864099177235932
	MF02:	0.0031928808808948943
	MF03:	0.0039622967933115724
	MF04:	0.0050039846726135781
	MF05:	0.0053884985462061405
	MF06:	0.0074652625091988483
	HF:		0.0079417393840791068

QoI erorr (estimated)
	LF:		0.0056281247353469083
	MF01:	0.0055553294663314946
	MF02:	0.0047488585031578833
	MF03:	0.0039794425908082137
	MF04:	0.0029377547114700408
	MF05:	0.0025532408378916875
	MF06:	0.00047647687487495545
