QoI
	LF: 	0.0001706736036630741
	MF01: 0.00016757365110624622
	MF02:	0.00016723177041952066
	MF03:	0.00017572356527819334
	MF04:	0.00017608996383111235
	MF05:	0.00021212161120689522
	HF: 	0.0002130775509995096
	
QoI error (actual)
	LF: 	0.0000424039473364355
	MF01: 
	MF02:	
	MF03:	
	MF04:	
	MF05:	
	
QoI error (predicted)
	LF: 	0.000045848540709005726
	MF01: 0.000049413460882923916
	MF02:	0.000049756678296212359
	MF03:	0.000040343490522393188
	MF04:	0.000039945834449837351
	MF05:	0.00000097273938427439098
