QoI
	LF:		0.064135549823474261
	MF01:	0.067320015113919524
	MF02:	0.063448717754796574
	MF03:	0.062674796383927686
	MF04:	0.058923026658219281
	MF05:	0.056024114222553052
	MF06:	0.053826402117463444
	MF07:	0.052444326088234655
	MF08:	0.052014746840553287
	MF09:	0.05110471318564333
	HF:		0.050521485699374508

QoI error (actual)

QoI error (estimated)
	LF:		-0.014762196524377533
	MF01:	-0.018776834957924232
	MF02:	-0.013511349872836677
	MF03:	-0.01286273648965823
	MF04:	-0.0086694168991217693
	MF05:	-0.005584829910398742
	MF06:	-0.0033238404698167218
	MF07:	-0.0019288173163597086
	MF08:	-0.0014967513160754273
	MF09:	-0.00058354046463295062
