QoI
	LF:		0.0022247614877886832
	MF01:	0.0024391244532661225
	HF:		0.0067467469399513013

QoI error (estimated)
	LF:		0.056578114332055313
	MF01:	-0.010373007204859869
