QoI
	LF:		0.0022247614877886832
	MF01:	0.0024391244532661225
	MF02:	0.0030779971645367612
	HF:		0.0067467469399513013

QoI error (estimated)
	LF:		0.056578114332055313
	MF01:	-0.010373007204859869
	MF02:	0.00037441341019596409
	
%can't solve for psiMF for MF03...won't converge even really loose screws...
