QoI
	LF: 	0.0001706736036630741
	MF01: 0.00016757365110624622
	MF02:	0.00016723177041952066
	MF03:	0.00017572356527819334
	MF04:	0.00017608996383111235
	MF05:	0.00021212161120689522
	HF: 	0.0002130775509995096
	
QoI error (actual)
	LF:		0.0000424039473364355
  MF01:	0.0000455038998932634
  MF02:	0.0000458457805799889
  MF03:	0.0000373539857213163
  MF04:	0.0000369875871683973
  MF05:	0.0000009559397926144
	
QoI error (predicted, post 2/8/15 fix)	
	LF:		0.000042404024328262179
	MF01:	0.000045504594667250396
	MF02:	0.00004584646327684982
	MF03:	0.000037353461103987247
	MF04:	0.000036987078851030567
	MF05:	0.00000095594467907237431
	
QoI error (predicted, pre 2/8/15 fix)
	LF: 	0.000045848540709005726
	MF01: 0.000049413460882923916
	MF02:	0.000049756678296212359
	MF03:	0.000040343490522393188
	MF04:	0.000039945834449837351
	MF05:	0.00000097273938427439098
	

