QoI
	LF: 	0.0012318574636178542
	MF01: 0.0013885227497461015
	MF02:	0.0014721954699212232
	MF03:	0.0018844038543447319
	MF04:	0.0020058910752670024
	MF05:	0.0022846273825117358
	HF: 	0.0023740109540930569

QoI error
	LF: 	0.00114215349
	MF01: 0.0009854882
	MF02:	0.00090181548
	MF03:	0.00048960709
	MF04:	0.00036811987
	MF05:	0.00008938357
	
