QoI
	LF:		0.0017126792978248979
	MF01:	0.001706268356801302
	MF02:	0.0016975227651429105
	MF03:	0.0016973149020844693
	MF04:	0.0016914606349352147
	MF05: 0.0016734826659066803
	HF:		0.0016726894977200661
	
QoI error (actual)
	LF:		-0.0000399898001048318
  MF01:	-0.0000335788590812359
  MF02:	-0.0000248332674228444
  MF03:	-0.0000246254043644032
  MF04:	-0.0000187711372151486
  MF05:	-0.0000007931681866142
  
QoI error (estimated, post 2/8/15 fix)
	LF:		-0.000039990131966932772
	MF01:	-0.000033579030037376176
	MF02:	-0.000024833315134643787
	MF03:	-0.000024625450071383932
	MF04:	-0.000018771150313429998
	MF05:	-0.00000079316725669917668

QoI error (estimated, pre 2/8/15 fix)
	LF:		-0.000040777358825110121
	MF01:	-0.000034217597227022192
	MF02:	-0.000025303836159074446
	MF03:	-0.000025091275150497961
	MF04:	-0.000019129701372754687
	MF05:	-0.00000078509402468614903
	

