QoI
	LF:		0.0017126792978248979
	MF01:	0.001706268356801302
	MF02:	0.0016975227651429105
	MF03:	0.0016973149020844693
	MF04:	0.0016914606349352147
	MF05: 0.0016734826659066803
	HF:		0.0016726894977200661
	
QoI error (actual)
	LF:		

QoI error (estimated)
	LF:		-0.000040777358825110121
	MF01:	-0.000034217597227022192
	MF02:	-0.000025303836159074446
	MF03:	-0.000025091275150497961
	MF04:	-0.000019129701372754687
	MF05:	-0.00000078509402468614903
