QoI
	LF:		0.12758085600177893
	MF01:	0.12782811553048609
	MF02:	0.12746663846669917
	MF03:	0.12698695373591526
	MF04:	0.12667177138450442
	MF05:	0.12623968473425326
	MF06:	0.12589123139748212
	HF:		0.12580511125271196

QoI error (actual)
	LF:		
	
QoI error (estimated)
	LF:		-0.001873041406664222
	MF01:	-0.0021243055290106061
	MF02:	-0.0017382868352892322
	MF03:	-0.0012285671995345415
	MF04:	-0.00089577182327676974
	MF05:	-0.000444195685075921
	MF06:	-0.000079972141195011615
