QoI
	LF:		0.12758085600177893
	MF01:	0.12782811553048609
	MF02:	0.12746663846669917
	MF03:	0.12698695373591526
	MF04:	0.12667177138450442
	MF05:	0.12623968473425326
	MF06:	0.12589123139748212
	HF:		0.12580511125271196

QoI error (actual)
	LF:		-0.001775744749067
  MF01:	-0.002023004277774
  MF02:	-0.001661527213987
  MF03:	-0.001181842483203
  MF04:	-0.000866660131792
  MF05:	-0.000434573481541
  MF06:	-0.000086120144770

QoI error (estimated, post 2/8/15 fix)
	LF:		-0.0017757594026412138
	MF01:	-0.0020230182277808095
	MF02:	-0.0016615160247664684
	MF03:	-0.0011818264392785827
	MF04:	-0.00086665393825824388
	MF05:	-0.00043457232502894239
	MF06:	-0.000086120326024535787

QoI error (estimated, pre 2/8/15 fix)
	LF:		-0.001873041406664222
	MF01:	-0.0021243055290106061
	MF02:	-0.0017382868352892322
	MF03:	-0.0012285671995345415
	MF04:	-0.00089577182327676974
	MF05:	-0.000444195685075921
	MF06:	-0.000079972141195011615
	

