QoI
	LF:		0.0003407096345355263
	MF01:	0.00030540027992747855
	MF02:	0.00030883004284581518
	MF03:	0.00027816080956506316
	MF04:	0.00027877354862920626
	MF05:	0.00027596928769792412
	MF06:	0.00031182934728916304
	MF07:	0.00040864908393681119
	MF08:	0.00048718201560159967
	HF:		0.00050676414487461679

QoI error (actual)

QoI error (estimated)
	LF:		0.00018763546705970587
	MF01:	0.00023553945535151121
	MF02:	0.00023210726435564757
	MF03:	0.00027499732789594133
	MF04:	0.00027553411041375845
	MF05:	0.00027776097437723314
	MF06:	0.00022442564803586921
	MF07:	0.00010293105641864846
	MF08:	0.000019726624928466418
