QoI
	LF: 	0.00022892878096107092
	MF01: 0.00019354727115930228
	MF02:	-0.000092720945766818532
	MF03:	-0.00015012239390875979
	MF04:	0.00017893995876172865
	MF05:	
	HF: 	0.00023080711573948362
	
QoI error
	LF: 	0.0000018783347784127
	MF01: 0.00003725984458018134
	MF02:	0.000323528061506302152
	MF03:	0.00038092950964824341
	MF04:	0.00005186715697775497
	MF05:	
