k = 0.1
QoI
	LF: 	0.00022892878096107092
	MF01: 0.00019354727115930228
	MF02:	-0.000092720945766818532
	MF03:	-0.00015012239390875979
	MF04:	0.00017893995876172865
	MF05:	0.00020125535723653829 (~70% HF)
	MF06: 0.00023080198147791157 (90% HF)
	HF: 	0.00023080711573948362
	
QoI error
	LF: 	0.0000018783347784127
	MF01: 0.00003725984458018134
	MF02:	0.000323528061506302152
	MF03:	0.00038092950964824341
	MF04:	0.00005186715697775497
	MF05:	0.00002955175850294533
	MF06: 

k = 0.01 (15x150)
QoI
	LF:		0.00019345309316445752
	MF01:	-0.0010917321327089974
	MF02:	0.00056325679305080833
	MF03: -0.000099108013335166075
	HF:		0.0021443325811886958
	
QoI error
	LF:		0.0019508794
	MF01:	0.00323606471
	MF02:	0.00158107578
	MF03:	0.00224344059
	
k = 0.01 (30x300)
QoI
	LF:		0.00015023885648152396
	MF01:	-0.00077097774506170271
	HF:		0.0016737771424252194

QoI error
	LF:		0.00152353828
	MF01:	0.00244475488
